027
141
019
126
076
078
178
152
056
139
192
052
203
013
211
039
125
071
121
091
012
099
038
175
220
200
230
003
206
069
105
057
061
020
037
204
065
149
148
008
195
158
128
140
167
215
010
094
046
045
197
199
237
104
137
116
096
176
185
162
159
086
188
133
029
218
070
083
060
109
124
196
135
227
026
031
229
098
120
048
118
123
217
024
095
075
067
177
136
226
106
047
001
119
179
112
163
209
151
093
122
110
040
187
030
155
058
190
181
000
050
191
107
205
131
100
072
234
035
074
208
017
129
101
068
182
236
174
028
011
042
222
225
193
111
080
117
034
207
114
055
077
172
041
198
168
164
214
059
212
223
224
051
194
132
004
089
005
053
022
087
002
066
090
088
166
173
025
